72
50
140
77031 77031 -177570
77031 177569 -77032
177569 77031 -77032
77031 -177570 -77032
77031 -77032 -177570
177569 -77032 -77032
177569 77031 77031
77031 177569 77031
77031 77031 177569
177569 -77032 77031
77031 -77032 177569
77031 -177570 77031
-77032 77031 -177570
-177570 77031 -77032
-77032 177569 -77032
-177570 -77032 -77032
-77032 -77032 -177570
-77032 -177570 -77032
-177570 77031 77031
-77032 77031 177569
-77032 177569 77031
-77032 -177570 77031
-77032 -77032 177569
-177570 -77032 77031
262144 34744 -34745
34744 34744 -262144
34744 262144 -34745
262144 -34745 -34745
34744 -262144 -34745
34744 -34745 -262144
34744 34744 262144
262144 34744 34744
34744 262144 34744
34744 -262144 34744
262144 -34745 34744
34744 -34745 262144
-34745 262144 -34745
-34745 34744 -262144
-262144 34744 -34745
-34745 -262144 -34745
-262144 -34745 -34745
-34745 -34745 -262144
-34745 262144 34744
-262144 34744 34744
-34745 34744 262144
-262144 -34745 34744
-34745 -262144 34744
-34745 -34745 262144
131038 131038 -187294
131038 187293 -131039
187293 131038 -131039
131038 -187294 -131039
131038 -131039 -187294
187293 -131039 -131039
187293 131038 131038
131038 187293 131038
131038 131038 187293
187293 -131039 131038
131038 -131039 187293
131038 -187294 131038
-131039 131038 -187294
-187294 131038 -131039
-131039 187293 -131039
-187294 -131039 -131039
-131039 -131039 -187294
-131039 -187294 -131039
-187294 131038 131038
-131039 131038 187293
-131039 187293 131038
-131039 -187294 131038
-131039 -131039 187293
-187294 -131039 131038
0 -65536 0
-65536 0 0
0 0 65536
0 65536 0
65536 0 0
-46341 -46341 0
0 -46341 -46341
46340 0 -46341
-46341 0 46340
46340 0 46340
-46341 0 -46341
0 46340 46340
46340 46340 0
0 -46341 46340
-46341 46340 0
0 46340 -46341
46340 -46341 0
0 0 -65536
37840 37840 -37841
37840 -37841 -37841
37840 37840 37840
37840 -37841 37840
-37841 37840 -37841
-37841 -37841 -37841
-37841 37840 37840
-37841 -37841 37840
-41989 35579 -35580
35579 35579 41988
35579 -41989 -35580
-41989 -35580 -35580
35579 41988 -35580
35579 -35580 41988
35579 35579 -41989
-41989 35579 35579
35579 -41989 35579
35579 41988 35579
-41989 -35580 35579
35579 -35580 -41989
-35580 -41989 -35580
-35580 35579 41988
41988 35579 -35580
-35580 41988 -35580
41988 -35580 -35580
-35580 -35580 41988
-35580 -41989 35579
41988 35579 35579
-35580 35579 -41989
41988 -35580 35579
-35580 41988 35579
-35580 -35580 -41989
29 1 47 1 40 1
44 2 41 2 46 2
31 3 48 3 36 3
37 4 33 4 27 4
25 5 35 5 28 5
47 6 41 6 40 6
40 7 30 7 29 7
28 8 26 8 25 8
45 9 46 9 48 9
36 10 32 10 31 10
42 11 39 11 38 11
43 12 31 12 33 12
33 13 25 13 27 13
34 14 48 14 47 14
37 15 44 15 43 15
27 16 38 16 37 16
29 17 35 17 34 17
38 18 30 18 42 18
3 19 26 19 1 19
1 19 27 19 2 19
2 19 25 19 3 19
6 20 29 20 4 20
4 20 30 20 5 20
5 20 28 20 6 20
9 21 32 21 7 21
7 21 33 21 8 21
8 21 31 21 9 21
12 22 35 22 10 22
10 22 36 22 11 22
11 22 34 22 12 22
15 23 38 23 13 23
13 23 39 23 14 23
14 23 37 23 15 23
18 24 41 24 16 24
16 24 42 24 17 24
17 24 40 24 18 24
21 25 44 25 19 25
19 25 45 25 20 25
20 25 43 25 21 25
24 26 47 26 22 26
22 26 48 26 23 26
23 26 46 26 24 26
49 19 50 19 51 19
50 27 1 27 2 27
51 28 2 28 3 28
49 29 3 29 1 29
52 20 53 20 54 20
53 30 4 30 5 30
54 31 5 31 6 31
52 32 6 32 4 32
55 21 56 21 57 21
56 33 7 33 8 33
57 34 8 34 9 34
55 35 9 35 7 35
58 22 59 22 60 22
59 36 10 36 11 36
60 37 11 37 12 37
58 38 12 38 10 38
61 23 62 23 63 23
62 39 13 39 14 39
63 40 14 40 15 40
61 41 15 41 13 41
64 24 65 24 66 24
65 42 16 42 17 42
66 43 17 43 18 43
64 44 18 44 16 44
67 25 68 25 69 25
68 45 19 45 20 45
69 46 20 46 21 46
67 47 21 47 19 47
70 26 71 26 72 26
71 48 22 48 23 48
72 49 23 49 24 49
70 50 24 50 22 50
29 1 34 1 47 1
44 2 39 2 41 2
31 3 45 3 48 3
37 4 43 4 33 4
25 5 32 5 35 5
47 6 46 6 41 6
40 7 42 7 30 7
28 8 30 8 26 8
45 9 44 9 46 9
36 10 35 10 32 10
42 11 41 11 39 11
43 12 45 12 31 12
33 13 32 13 25 13
34 14 36 14 48 14
37 15 39 15 44 15
27 16 26 16 38 16
29 17 28 17 35 17
38 18 26 18 30 18
3 19 25 19 26 19
1 19 26 19 27 19
2 19 27 19 25 19
6 20 28 20 29 20
4 20 29 20 30 20
5 20 30 20 28 20
9 21 31 21 32 21
7 21 32 21 33 21
8 21 33 21 31 21
12 22 34 22 35 22
10 22 35 22 36 22
11 22 36 22 34 22
15 23 37 23 38 23
13 23 38 23 39 23
14 23 39 23 37 23
18 24 40 24 41 24
16 24 41 24 42 24
17 24 42 24 40 24
21 25 43 25 44 25
19 25 44 25 45 25
20 25 45 25 43 25
24 26 46 26 47 26
22 26 47 26 48 26
23 26 48 26 46 26
50 27 49 27 1 27
51 28 50 28 2 28
49 29 51 29 3 29
53 30 52 30 4 30
54 31 53 31 5 31
52 32 54 32 6 32
56 33 55 33 7 33
57 34 56 34 8 34
55 35 57 35 9 35
59 36 58 36 10 36
60 37 59 37 11 37
58 38 60 38 12 38
62 39 61 39 13 39
63 40 62 40 14 40
61 41 63 41 15 41
65 42 64 42 16 42
66 43 65 43 17 43
64 44 66 44 18 44
68 45 67 45 19 45
69 46 68 46 20 46
67 47 69 47 21 47
71 48 70 48 22 48
72 49 71 49 23 49
70 50 72 50 24 50